83
180
448
452
500
783
798
869
920
947
972
1255
1365
1372
1459
1492
1568
2125
2340
2351
2477
2595
2653
2729
2979
3063
3223
3327
3373
3519
3652
3675
3891
3903
3979
4136
4366
4370
4698
4720
5066
5343
5349
5475
5480
5505
5507
5685
5763
5824
5977
6057
6548
6721
6839
7077
7120
7242
7424
7442
7687
7700
8673
8711
8883
8892
8933
8985
9302
9317
9584
9744
9833
9889
9994
10105
10118
10375
10579
10619
10659
10673
10695
10702
11146
11177
11559
11714
11781
11881
12123
12739
26009
26056
26146
26156
26835
27346
29764
31273
31574
31694
31851
34399
39135
43040
43048
46576
47147
48768
49944
51056
52117
52852
58806
60951
64256
67673
70023
70905
72404
74253
75421
76778
76793
78367
83059
89585
89811
89814
89844
90139
100010
100369
100370
100371
100372
100373
100375
100377
100378
100379
100381
100383
100384
100385
100386
100387
100388
100389
100390
100391
100392
100393
100394
100395
100396
100398
107093
107456
107458
107461
107463
107464
107465
107469
107519
107548
107553
107554
107555
107556
107559
107562
107563
107566
107569
107570
107572
107573
107576
108229
108662
108820
109007
109012